,Order_ID,Units_Sold,Unit_Price,Unit_Cost,Total_Revenue,Total_Cost,Total_Profit,Year
Order_ID,1.0,-0.2229068176977236,-0.19094121156355134,-0.21320057672929182,-0.3146876310384443,-0.32894438251357117,-0.23463781418438892,0.08175201051556752
Units_Sold,-0.2229068176977236,1.0,-0.07048558682925854,-0.09223244633531223,0.4477844902616838,0.37474591505574756,0.5645504620845978,0.01245534815925223
Unit_Price,-0.19094121156355134,-0.07048558682925854,1.0,0.9872698131268506,0.7523596049915576,0.7879054270259372,0.5573652488121268,-0.06179124055313326
Unit_Cost,-0.21320057672929182,-0.09223244633531223,0.9872698131268506,1.0,0.7156226302489298,0.7748952220758182,0.46721391120731026,-0.07156700663125026
Total_Revenue,-0.3146876310384443,0.4477844902616838,0.7523596049915576,0.7156226302489298,1.0,0.9839276893258899,0.89732686876336,-0.037128454970082235
Total_Cost,-0.32894438251357117,0.37474591505574756,0.7879054270259372,0.7748952220758182,0.9839276893258899,1.0,0.8040910808150447,-0.050899076944565094
Total_Profit,-0.23463781418438892,0.5645504620845978,0.5573652488121268,0.46721391120731026,0.89732686876336,0.8040910808150447,1.0,0.002195583071540855
Year,0.08175201051556752,0.01245534815925223,-0.06179124055313326,-0.07156700663125026,-0.037128454970082235,-0.050899076944565094,0.002195583071540855,1.0
